label: "TumVI"
id: 412eab8e4058621f7036b5e765dfe812
cameras:
- camera:
    label: cam0
    id: 54812562fa109c40fe90b29a59dd7798
    line-delay-nanoseconds: 0
    image_height: 512
    image_width: 512
    type: pinhole
    intrinsics:
      cols: 1
      rows: 4
      data: [190.97847715128717, 190.9733070521226, 254.93170605935475, 256.8974428996504]
    distortion:
      type: equidistant
      parameters:
        cols: 1
        rows: 4
        data: [0.0034823894022493434, 0.0007150348452162257, -0.0020532361418706202,
    0.00020293673591811182]
  T_B_C:
    cols: 4
    rows: 4
    data: [-0.9995250378696743, 0.029615343885863205, -0.008522328211654736, 0.04727988224914392,
          0.0075019185074052044, -0.03439736061393144, -0.9993800792498829, -0.047443232143367084,
          -0.02989013031643309, -0.998969345370175, 0.03415885127385616, -0.0681999605066297,
          0.0, 0.0, 0.0, 1.0]
imu_params:
  delay_imu_cam: 0.0
  max_imu_delta_t: 0.01
  acc_max: 176.0
  omega_max: 7.8
  sigma_omega_c: 12.0e-4
  sigma_acc_c: 8.0e-3
  sigma_omega_bias_c: 2.0e-5
  sigma_acc_bias_c: 5.5e-5
  sigma_integration: 0.0
  g: 9.8082
  imu_rate: 800

imu_initialization:
  velocity: [0.0, 0, 0.0]
  omega_bias: [0.0, 0, 0.0]
  acc_bias: [0.0, 0.0, 0.0]
  velocity_sigma: 2.0
  omega_bias_sigma: 0.01
  acc_bias_sigma: 0.1
